true_label,predicted_label,prob_Normal,prob_Arrhythmia,prob_Other / Unknown
1,1,0.02712634406740098,0.900685338116453,0.07218831781614607
1,1,0.13095312562302477,0.7648784802280103,0.10416839414896503
2,2,0.0006711985760679052,0.03655096187286266,0.9627778395510693
1,2,0.002185244811738344,0.0679258457782815,0.9298889094099801
0,1,0.1726960752555814,0.7642547440241974,0.06304918072022131
1,1,0.03880620239009006,0.9414498647907797,0.019743932819130155
1,1,0.006952558511369236,0.9900081099097595,0.00303933157887143
0,0,0.5159044804595402,0.03472410713073965,0.44937141240972023
0,0,0.9598793998313672,0.0077868704887009196,0.03233372967993186
0,2,0.4245256060218541,0.04102161717084183,0.5344527768073042
2,0,0.6343560356984317,0.33442784615347704,0.031216118148091263
1,1,0.009257802505194089,0.9199116256059126,0.07083057188889332
2,2,0.00027681021329786326,0.09963138559667178,0.9000918041900303
2,2,0.00016426706047515635,0.07668059373372409,0.9231551392058007
1,1,0.010582043216570731,0.8958875575897461,0.09353039919368297
1,1,0.03162062027846334,0.9509442383245361,0.017435141397000618
1,1,0.21696884059927996,0.7347894160250789,0.04824174337564112
1,1,0.025740655904139854,0.929683733785654,0.04457561031020596
2,2,0.0015240856147783605,0.0012454161001274333,0.9972304982850942
1,1,0.1875825623498216,0.7998487378854349,0.012568699764743653
2,2,0.002963366493147001,0.013744092751176114,0.9832925407556768
1,1,0.005456429765734613,0.9908305309670974,0.003713039267167858
0,0,0.9584528338175881,0.03245699013142906,0.009090176050982803
1,1,0.1962703226885194,0.48220718648261224,0.32152249082886825
2,1,0.07489575152428606,0.8808487756993686,0.04425547277634532
0,0,0.9556079060325958,0.028387341283137437,0.01600475268426675
2,2,0.007863554277426134,0.00296601659825717,0.9891704291243166
1,1,0.24434412517116377,0.4793034155214884,0.2763524593073478
1,1,0.03860366801172421,0.8560649436377782,0.10533138835049767
1,1,0.09502438636541305,0.8818387655368796,0.02313684809770748
1,1,0.2976312471473087,0.5737679341971086,0.12860081865558257
1,2,0.1352727573861347,0.3487178369915129,0.5160094056223524
0,0,0.6960435493670835,0.14542662932211303,0.15852982131080354
1,1,0.00033445206617246443,0.9908341067262134,0.008831441207614137
0,0,0.9586109387324604,0.015057747546240808,0.026331313721298787
1,1,0.012988561089861062,0.9732026637776805,0.013808775132458397
2,2,0.0009563172908992284,0.0680278814823127,0.931015801226788
2,2,0.0036262745708874095,0.0041466427487895224,0.992227082680323
1,1,0.0010962424471929442,0.9949820693179119,0.003921688234895169
0,0,0.8434383096950445,0.0023490643374310307,0.15421262596752427
1,1,0.325496336904495,0.5891799474326247,0.0853237156628803
1,1,0.07493856052033607,0.9077734298014081,0.017288009678255983
1,0,0.630658903069127,0.32081334910024206,0.04852774783063102
1,1,0.006467102840182505,0.870561320312738,0.12297157684707932
1,1,0.016673739589875034,0.9691942029787132,0.014132057431411861
0,1,0.001966476630604631,0.9852907604619668,0.012742762907428668
1,1,0.2830506919204626,0.6824529286157749,0.034496379463762494
1,1,0.0005457356115614228,0.9987616489061024,0.0006926154823361381
1,1,0.00046675281781114294,0.9922863794805333,0.007246867701655504
1,1,0.010214800559794667,0.951320189416994,0.0384650100232114
1,1,0.13771083961072939,0.8142843709948461,0.04800478939442454
1,2,0.11463766673612472,0.04676073809341074,0.8386015951704645
2,1,0.002063177230398984,0.9560177562211234,0.041919066548477754
0,0,0.9621458125434798,0.0030025601983915263,0.0348516272581287
1,1,0.0019754745902368686,0.9748628685174733,0.023161656892289953
0,0,0.9672093958071712,0.009921643061305094,0.022868961131523795
0,0,0.8864168896617223,0.05289125837321617,0.0606918519650617
2,2,0.007708803911267296,0.003991529850980968,0.9882996662377518
1,1,0.0073422330813227,0.9013614874668463,0.09129627945183089
1,1,0.1664154910850435,0.8089113762283969,0.024673132686559598
1,1,0.00918422357124676,0.9828860026044981,0.007929773824255136
1,1,0.13907662997993128,0.815852890305843,0.04507047971422586
1,0,0.8714360192779171,0.05442486631055883,0.07413911441152408
0,2,0.3037035381344846,0.09529483813419012,0.6010016237313253
0,2,0.3652992000544869,0.027539735646158324,0.6071610642993548
1,2,0.0013021804779079626,0.022194974363329876,0.9765028451587622
0,0,0.7791864197861521,0.14774135828987206,0.07307222192397575
1,2,0.03442007198152522,0.3995173362819083,0.5660625917365666
1,1,0.08282659878460533,0.9019008964447279,0.015272504770666828
1,1,0.0018996685079151615,0.9915010465078874,0.006599284984197462
0,2,0.23851200215883758,0.006211962898937566,0.755276034942225
2,2,0.02329405029489831,0.4209273912448936,0.5557785584602081
1,1,0.012373147760151882,0.9818761704128228,0.005750681827025235
1,1,0.023764215852045103,0.8896472705059637,0.08658851364199123
1,2,0.007546167890076645,0.03843841100613273,0.9540154211037907
1,1,0.0007099053792347234,0.9917725698707073,0.007517524750057955
1,1,0.011648646550781322,0.9791055954100663,0.00924575803915235
1,1,0.0043565096198467795,0.7632570250664341,0.2323864653137191
1,2,0.00027165905686306867,0.4701767806082028,0.5295515603349342
1,1,0.005816239476674271,0.9897465648305833,0.004437195692742496
1,1,0.019161844745944016,0.8410782128451854,0.1397599424088706
1,1,0.023003996365103627,0.9621609379515995,0.01483506568329685
2,2,0.010358775737383936,0.0028387719533786585,0.9868024523092374
1,1,0.1494574923214145,0.764598416260523,0.08594409141806238
2,2,0.006160650607317268,0.019252804376243948,0.9745865450164387
1,1,0.015111077127843167,0.9423951163163322,0.0424938065558245
2,2,0.002379801842780365,0.0006637098770619084,0.9969564882801577
1,1,0.09067864115693659,0.9025054770697006,0.006815881773362732
1,0,0.6950245545785142,0.283016874980322,0.021958570441163727
0,0,0.7101787050643874,0.1576236315485116,0.132197663387101
2,2,0.0006372407644649085,0.008716765051690497,0.9906459941838446
0,0,0.8922323132496952,0.009997794270698291,0.09776989247960652
0,0,0.5276514263838876,0.29528157445301345,0.17706699916309898
1,1,0.01301341387886117,0.9809551536697321,0.006031432451406662
2,2,0.0026460032651386784,0.012227010500285173,0.9851269862345761
0,0,0.971291318404699,0.017353169566717556,0.011355512028583637
2,2,0.005608930668651765,0.006442154995054363,0.9879489143362938
1,1,0.226282918364177,0.6107478997366558,0.16296918189916706
2,2,0.004619021633220218,0.0024948239944776493,0.992886154372302
0,0,0.9750729599384276,0.0017672661485401064,0.023159773913032134
1,1,0.002702270577040754,0.995281307709209,0.002016421713750363
1,1,0.033530830097102685,0.9526494174138178,0.013819752489079436
0,0,0.8625196978088359,0.027819093929603418,0.10966120826156071
2,2,0.006738844486580934,0.0013096630098839725,0.9919514925035351
2,2,0.030239931867913676,0.34296416477031527,0.6267959033617712
1,1,0.046219460685145944,0.9135475530252885,0.04023298628956562
1,1,0.00424757647165948,0.9517185948786738,0.04403382864966669
0,0,0.8158734579409727,0.16849455329628776,0.01563198876273967
1,2,0.003407107507801875,0.42018833571615516,0.5764045567760431
1,1,0.04263925506874503,0.942248127819144,0.01511261711211093
0,0,0.7842767564922827,0.19339748548735963,0.022325758020357668
2,2,0.00739427233955378,0.006808770495520449,0.9857969571649258
2,2,0.0005546589814029894,0.006561105000709012,0.9928842360178879
1,1,0.09486634479334183,0.8993580095818499,0.00577564562480834
1,1,0.42765864874354526,0.5072619514586408,0.06507939979781388
1,1,0.011073784186472126,0.8201608036216912,0.16876541219183666
1,1,0.0008318960237593852,0.997850937876114,0.0013171661001265085
1,1,0.0005507353199459199,0.9892142700667285,0.010234994613325608
0,2,0.18087977601955046,0.0032813921396794865,0.81583883184077
1,1,0.1851456361734141,0.8048667822443882,0.009987581582197586
2,1,0.07706220267397748,0.600708362143472,0.3222294351825504
1,1,0.15667689284378808,0.780156987066919,0.0631661200892929
1,1,0.062131795863123916,0.8905164414424026,0.04735176269447342
1,2,0.14938803884645066,0.05490344984843444,0.7957085113051149
0,0,0.9755312629385683,0.0037658796003715578,0.020702857461060205
1,1,0.03683730113228971,0.9395480908094386,0.02361460805827187
1,1,0.0020968389134036294,0.9947627816737239,0.0031403794128724784
2,2,0.002531122610089668,0.009405545622157037,0.9880633317677532
1,1,0.034224484303134024,0.906758099196002,0.05901741650086399
1,1,0.3521487553149907,0.5508653622527172,0.09698588243229211
1,1,0.007733197333837763,0.9863516516094429,0.005915151056719406
1,1,0.03706656658390158,0.8101422699132205,0.15279116350287786
1,1,0.02679778853473969,0.9198060993000444,0.05339611216521587
1,0,0.7265218446274598,0.17990473405643725,0.09357342131610295
2,2,0.001351272407299449,0.009189639770736346,0.9894590878219642
0,2,0.17962219827896123,0.14437989980142815,0.6759979019196107
1,1,0.003932500837755125,0.9878893567549802,0.008178142407264728
1,1,0.06058971761318877,0.8151756348030458,0.12423464758376548
0,0,0.8875315890308032,0.025087007393430807,0.08738140357576597
1,0,0.6040703845446413,0.3306195050888883,0.06531011036647041
1,1,0.012260437123807495,0.9740137441647915,0.013725818711400897
1,1,0.0005580305473602447,0.993251503823683,0.006190465628956654
2,2,0.00020756612700479723,0.005826316245040009,0.9939661176279552
1,1,0.04791973984310731,0.9191112026539303,0.03296905750296244
1,1,0.05677434810479685,0.8731402404165935,0.07008541147860961
1,1,0.0008062278190902072,0.9843005733393019,0.014893198841607983
1,1,0.002803244538717039,0.98744351476094,0.009753240700342993
0,0,0.9124891729314144,0.03412414764373167,0.05338667942485393
1,1,0.10815392998620925,0.8577194639551152,0.034126606058675485
0,0,0.898084270531409,0.08412762043955326,0.01778810902903762
1,1,0.4374468550870032,0.5295210999244969,0.033032044988499855
1,1,0.0015832938300202513,0.9924723871000429,0.00594431906993685
1,1,0.011687050851800631,0.5210117506346966,0.46730119851350266
1,1,0.24042293784699553,0.730877778511193,0.028699283641811485
2,2,0.008985020144807065,0.0058417510973800485,0.9851732287578128
1,0,0.7461866628146776,0.21493496999201478,0.03887836719330768
2,1,0.033143723537192346,0.6090580727001668,0.3577982037626409
2,2,0.04558186534418034,0.010363133294290346,0.9440550013615293
0,0,0.989138512804091,0.0012332724768738237,0.009628214719035086
1,1,0.01623491572003061,0.9716906179920504,0.01207446628791895
1,0,0.6348619771888554,0.33072139140749884,0.0344166314036458
2,1,0.0010234483539085916,0.9881496979315303,0.010826853714561175
0,0,0.9659984238433325,0.020505329235503453,0.013496246921163836
2,2,0.005843834431914378,0.006771275819521029,0.9873848897485646
0,0,0.9843444295259182,0.0038506732440314077,0.01180489723005049
1,1,0.0318414724333411,0.8581768789484029,0.10998164861825592
1,0,0.8396736185443594,0.11099444495748087,0.049331936498159645
1,1,0.0066988937223413,0.9561075546435851,0.037193551634073424
1,1,0.009298092875504777,0.5514424676590874,0.43925943946540774
1,1,0.027811588956014415,0.8587673729819871,0.11342103806199844
1,1,0.004218878697253237,0.9909924639886595,0.004788657314087289
2,2,0.0021329146490357705,0.026857844645784834,0.9710092407051795
1,1,0.19148880872962173,0.6469479670882038,0.16156322418217448
1,0,0.8017072203824174,0.13042687423250035,0.06786590538508253
1,1,0.0004864603276008618,0.9978356528640773,0.0016778868083217025
2,2,0.005727449869822728,0.0004188312279108096,0.9938537189022664
1,0,0.5917854259926135,0.3731714583155086,0.03504311569187795
1,1,0.07367763050999902,0.7756895372332039,0.1506328322567971
1,1,0.31810948157762964,0.4741503339216165,0.2077401845007538
1,1,0.005849223491252884,0.963040877114523,0.031109899394224122
0,1,0.44496812932932656,0.4935344812203934,0.06149738945028003
1,1,0.04851889460180331,0.920576900811017,0.030904204587179684
1,1,0.0018363230162471453,0.9944151367983596,0.0037485401853932956
2,2,0.002358397490337241,0.03613244973213211,0.9615091527775307
2,2,0.0024208271871982946,0.0079591248100188,0.9896200480027829
1,1,0.0005381191318235736,0.9656933889950382,0.0337684918731383
1,1,0.003413393901102889,0.9918948363225506,0.004691769776346485
0,0,0.8963677543314487,0.03530877325932699,0.06832347240922418
2,2,0.01027763518759884,0.11365746948888061,0.8760648953235206
2,2,0.008728127071251665,0.012664544479611756,0.9786073284491367
1,1,0.0053664865719304095,0.9894117097441242,0.0052218036839453115
2,1,0.36884215554387617,0.4713040044602037,0.15985383999592015
1,1,0.02331381966317452,0.9725659969637838,0.004120183373041689
2,2,0.008026474039107848,0.03796203164133238,0.9540114943195597
2,2,0.00043299991292858244,0.11328686019828578,0.8862801398887856
1,1,0.05786995325312634,0.6871341965034187,0.25499585024345506
1,0,0.753687552170388,0.22449302629201567,0.021819421537596365
1,0,0.5044972982306888,0.42826492550818795,0.06723777626112332
2,2,0.01706095086856795,0.20373551931994138,0.7792035298114908
1,1,0.049442062007117406,0.9382476697020848,0.012310268290797892
1,1,0.0010295189357919364,0.9644510714959713,0.0345194095682368
2,2,0.0023136428905629835,0.010602305743939505,0.9870840513654976
1,1,0.08609253342118907,0.9010039237285863,0.012903542850224622
1,1,0.00019888851482016362,0.9990457796384861,0.0007553318466937864
1,1,0.018058318896787353,0.8621009714545231,0.11984070964868948
2,2,0.08122055588737367,0.0033573324094512734,0.915422111703175
1,1,0.009864703708477581,0.9523701975062595,0.037765098785262866
1,1,0.02343376610333612,0.9695304519589396,0.007035781937724225
2,2,0.001656805515297908,0.09383117361677423,0.9045120208679279
0,0,0.9910356930017684,0.0008059785325262504,0.008158328465705448
1,1,0.0020892773694856487,0.9950971936277375,0.0028135290027768074
1,1,0.1908061716399004,0.774792709503955,0.03440111885614459
1,1,8.366797663364616e-05,0.9965234943097745,0.003392837713591876
1,1,0.0013803852955740835,0.9979540735234625,0.0006655411809632647
1,1,0.09747886248921883,0.8072842148965511,0.0952369226142301
0,0,0.9422860117884283,0.012243221863668987,0.04547076634790269
1,1,0.32301558006718994,0.6133691292372152,0.06361529069559493
0,0,0.9277894557568072,0.03047528848570699,0.041735255757485656
0,0,0.9888192929622796,0.00337494777158565,0.007805759266134657
1,1,0.10808076470044967,0.8655096346085168,0.026409600691033385
1,1,0.012240477420113487,0.9361195171361519,0.05164000544373471
1,1,0.04952251433393021,0.9281999379619177,0.022277547704152113
1,1,0.01155555625324315,0.9423495119956762,0.04609493175108068
1,2,0.00013020156937585555,0.011142228306103777,0.9887275701245204
2,2,0.006863199771607039,0.053828770448949674,0.9393080297794433
2,2,0.0022945869281062936,0.03456499353750502,0.9631404195343886
2,2,0.0007053255308787741,0.01151688760123422,0.987777786867887
2,2,0.015638013581203536,0.010422762882857114,0.9739392235359393
0,0,0.9799563053593735,0.002377161983228044,0.017666532657398374
1,1,0.0019298833794910073,0.9346991042333964,0.0633710123871126
0,0,0.6440555708371065,0.3209077694975705,0.035036659665322975
1,1,0.2560005869574898,0.6211949391652382,0.12280447387727199
2,2,0.17795651366138746,0.0017511488630140891,0.8202923374755984
0,1,0.3837327680283408,0.46586724266769497,0.15039998930396412
2,2,0.005468340702248546,0.007788983712327472,0.9867426755854241
1,1,0.3298209900594781,0.624392153439179,0.0457868565013429
1,1,0.03705393305444064,0.7258327072679965,0.23711335967756283
0,0,0.43834175731357955,0.41692738225646725,0.1447308604299532
1,1,0.006539195662937028,0.9868711237115855,0.006589680625477569
2,2,0.0010476222950116072,0.018397355671392494,0.9805550220335959
1,1,9.512179448413075e-05,0.9954648924175812,0.0044399857879348905
1,0,0.5991008998081817,0.332842455832614,0.06805664435920432
2,2,0.0019132890902346157,0.012743091631900651,0.9853436192778647
2,2,0.0017179612012249333,0.006175704691378679,0.9921063341073963
1,2,0.015975814966008507,0.31495396533981956,0.6690702196941719
1,0,0.46403785590789665,0.4034016249844103,0.13256051910769306
1,1,0.0070407022615385255,0.982369867707559,0.01058943003090247
2,2,0.00016473321311209944,0.0002640397447003485,0.9995712270421876
1,1,0.07700808599868614,0.8854246997598495,0.03756721424146433
1,1,0.20989773373386014,0.7732129302887701,0.01688933597736965
1,0,0.6669586143659618,0.30286103397114544,0.03018035166289283
1,1,0.015255276032426535,0.9622122017694184,0.02253252219815518
2,2,0.0005450724138982772,0.00042596409091225974,0.9990289634951894
2,2,0.00303980933150998,0.15108049896635836,0.8458796917021317
1,1,0.028792637256809413,0.9649651957764994,0.0062421669666912205
2,1,0.02175233253111824,0.852727477347996,0.12552019012088564
1,1,0.0038882729141995393,0.856024493456967,0.1400872336288337
2,2,0.004719110043358929,0.01486707586916972,0.9804138140874713
2,2,0.003842148320693438,0.00791467327102996,0.9882431784082765
0,2,0.20033180722743124,0.002192515932955232,0.7974756768396135
1,1,0.0059271328710825445,0.9449999117410135,0.0490729553879039
0,0,0.6272280853512322,0.21125325735915124,0.16151865728961654
2,2,0.001156629901033751,0.1696782320100628,0.8291651380889035
1,1,0.0051037487149160725,0.9914490516003183,0.003447199684765601
0,0,0.8111443995786202,0.14001865174282227,0.048836948678557514
2,2,0.016961641505250154,0.0030689820467287585,0.9799693764480212
0,0,0.5045465417978187,0.20199895636191428,0.29345450184026695
1,1,0.013329951450837466,0.9770140586553175,0.009655989893844742
2,2,0.05721642980727935,0.0037436796909802784,0.9390398905017404
2,2,0.00041806307358619864,0.003751117466519493,0.9958308194598943
2,2,4.395478319840886e-05,0.005535578853853138,0.9944204663629485
1,1,0.014653785915214707,0.9683065097295347,0.01703970435525061
1,1,0.0007916714048035981,0.9957183961078702,0.003489932487326207
1,1,0.00035519299974294636,0.986308845820308,0.013335961179949066
2,1,0.10720076673060393,0.8778153599296892,0.01498387333970686
1,1,0.0015102771388237801,0.9513020200481078,0.04718770281306843
1,1,0.11535981178224632,0.8651650189327885,0.019475169284965125
1,1,0.15718492851413246,0.800914344557247,0.04190072692862058
1,1,0.27639255218814157,0.3630453829772171,0.3605620648346412
0,0,0.8835457222974135,0.021897981298993056,0.09455629640359352
2,2,0.0018061465136936109,0.0014584953763259374,0.9967353581099804
0,0,0.9734558796254672,0.0014507890877242663,0.02509333128680835
1,0,0.5177485995227824,0.44294526427301145,0.03930613620420613
1,1,0.0040731341035211,0.8067327418861583,0.18919412401032054
2,2,0.011667483107515173,0.011218720463965623,0.9771137964285191
1,1,0.020709014080658283,0.9630359359833679,0.016255049935973608
0,0,0.9916226105445343,0.0006901081143797985,0.007687281341085793
0,0,0.896229571081387,0.04876224665884495,0.05500818225976796
1,1,0.0014107474030952008,0.9940440236607323,0.004545228936172485
0,0,0.8967350092756472,0.02782984791917982,0.07543514280517305
1,1,0.003258568353032815,0.9960725652962522,0.0006688663507149868
1,1,0.020298963548457387,0.9256026753712562,0.05409836108028651
0,0,0.5086150001453246,0.003119114988531919,0.4882658848661434
1,0,0.8004330840487304,0.16479571196412243,0.034771203987147156
2,2,0.01036441737048958,0.0034114695185578753,0.9862241131109526
0,0,0.9066194751690149,0.01493786722670269,0.07844265760428247
1,1,0.0002971794528791539,0.9940609123746155,0.005641908172505346
0,0,0.9849220816761476,0.006245939216560734,0.00883197910729175
1,1,0.026219062539759596,0.9537623924612797,0.020018544998960663
2,2,0.08597932577074385,0.004420151961598332,0.9096005222676578
0,0,0.9492555904661097,0.03579511004012062,0.014949299493769493
2,2,0.005251493369942422,0.0008490796400442825,0.9938994269900132
0,1,0.4807223677527273,0.5011941876081593,0.018083444639113395
2,2,0.009736659440865287,0.027307482390907186,0.9629558581682275
0,0,0.615850861397584,0.291026365777438,0.09312277282497793
1,1,0.002735618533127485,0.9925019140844703,0.004762467382402328
2,1,0.39925147055133714,0.5887857472163928,0.011962782232270007
2,2,0.015333978695745471,0.09774063188142111,0.8869253894228335
2,2,0.0011646190781379822,0.000923695848347207,0.9979116850735148
1,1,0.2008831989817637,0.6765850199021426,0.12253178111609368
2,1,0.0004562851732080344,0.8811048339309986,0.11843888089579355
1,1,0.07328757606828769,0.8994314361955544,0.02728098773615786
1,1,0.07588768892673,0.9193706149228512,0.004741696150418931
1,1,0.05178182938777788,0.7992154993718315,0.14900267124039057
1,1,0.00048374053057633864,0.9935567617366087,0.005959497732815
0,0,0.9162832938929999,0.07282748001590414,0.01088922609109603
2,1,0.0015422587150960576,0.7905743192651812,0.20788342201972282
1,1,0.000677293136633345,0.9677024185160539,0.031620288347312585
2,2,0.012609379418003669,0.0008458298724437366,0.9865447907095527
2,2,0.0012514029808897967,0.0012392550479884688,0.9975093419711217
1,1,0.1739306019313395,0.7391329894387798,0.08693640862988064
0,0,0.6105855610833097,0.2991376026727408,0.09027683624394957
0,0,0.7638117833281822,0.14707114579794275,0.0891170708738751
1,1,0.02076663982842243,0.9507695070516992,0.028463853119878455
0,0,0.5367798102216037,0.43352500695222546,0.029695182826170806
1,1,0.27611601000685243,0.7155835143898531,0.0083004756032944
1,1,0.05367485319186599,0.7887582600152859,0.15756688679284797
1,1,0.09926164690832283,0.8954515809070825,0.005286772184594575
1,1,0.43779970062664714,0.5230031308234675,0.03919716854988538
1,1,0.01613753130948741,0.965105330030301,0.018757138660211416
1,0,0.7851485234843063,0.1530300039425782,0.06182147257311545
1,1,0.07574262339958984,0.8442218967850178,0.08003547981539237
1,1,0.09947519958430971,0.8912328096185078,0.009291990797182481
2,2,1.8458457415804813e-05,0.00027203819247874914,0.9997095033501054
1,1,0.14058328602109196,0.8362891954768361,0.023127518502072057
2,2,0.02212528630255211,0.0235249657647994,0.9543497479326485
0,0,0.806576594606236,0.13579443358603865,0.05762897180772538
1,1,0.0056856750974997785,0.9608424924916593,0.03347183241084075
1,1,0.0074085277057941825,0.9795160488621026,0.013075423432103139
1,1,0.021310423387995953,0.9693455507220798,0.009344025889924439
1,2,0.007004953574604556,0.4215374991184408,0.5714575473069546
1,1,0.0033347876990745796,0.9799633849184143,0.016701827382511015
2,2,0.00046320509230361897,0.0007174645589385862,0.9988193303487577
1,1,0.002687648451891822,0.990268508630916,0.007043842917192247
1,0,0.5515376972914328,0.3556477760606605,0.09281452664790679
1,1,0.0025535304470488754,0.9745044374136921,0.022942032139258967
1,1,0.4310813615112379,0.5136884443448159,0.055230194143946115
1,1,0.2646196701689556,0.689731225159385,0.04564910467165934
2,2,0.027467713315903298,0.015040522547513839,0.9574917641365829
2,2,0.0007206261688287079,0.005870323413520153,0.9934090504176512
1,1,0.011898321999467514,0.9512612287538608,0.03684044924667159
0,0,0.974405266294428,0.0076400286151516224,0.017954705090420374
2,2,0.0017936003930491516,0.000985259461847543,0.9972211401451033
2,2,0.0007003885731881318,0.028639340957606868,0.9706602704692051
1,1,0.36273065516774844,0.5861805827044084,0.05108876212784308
1,1,0.07660895202267898,0.9011552659955129,0.0222357819818082
1,1,0.41422127543652504,0.5549342537867312,0.03084447077674373
1,1,0.13964548033231428,0.6791636671816095,0.18119085248607622
2,2,0.00217485486919243,0.003259646695416161,0.9945654984353914
1,1,0.03936092357223881,0.9513044104442637,0.009334665983497631
1,1,0.010650251300492018,0.9731626425562928,0.01618710614321528
0,0,0.8930293770021775,0.08309364040537663,0.023876982592445854
2,2,0.005137914736975587,0.021415601828407134,0.9734464834346173
1,2,0.030837528326888793,0.22531640467863864,0.7438460669944726
2,2,0.004459344462076554,0.0019030781374440285,0.9936375774004795
1,1,0.012351449091867044,0.8851077867911392,0.10254076411699374
0,1,0.48504457566765413,0.49067518709183405,0.024280237240511742
2,2,0.2512539890542384,0.032203869926632475,0.7165421410191292
2,2,0.02592728100328489,0.003952354404205036,0.9701203645925102
1,0,0.885056909442037,0.0722315720433229,0.04271151851464002
2,2,0.0017823287590983186,0.0008295483600956411,0.997388122880806
2,2,0.0033330938602621706,0.003736863481785522,0.9929300426579524
2,1,0.015517207180643115,0.9051859961991476,0.0792967966202092
2,1,0.03401389554400881,0.8998212375840464,0.06616486687194467
0,1,0.3629828004701153,0.5630461516838088,0.07397104784607586
2,2,0.005184470272487138,0.004772496329037167,0.9900430333984757
2,1,0.1567852683804222,0.6955092337596475,0.1477054978599302
2,2,0.20641945351993718,0.09537183122345508,0.6982087152566078
1,1,0.00116172537214792,0.9933863723242963,0.005451902303555822
2,2,0.0005113250523264908,0.16702710943740726,0.8324615655102662
1,1,0.06338515358144874,0.934987521561948,0.0016273248566031978
1,1,0.00868881055365898,0.9519626823405732,0.03934850710576774
0,1,0.021906162230815467,0.8226854938587572,0.15540834391042715
1,1,0.02259154674158107,0.9694102266119108,0.007998226646508094
0,0,0.9742050882871098,0.004528826541568888,0.021266085171321218
1,1,0.0046609719312162125,0.9769624192567015,0.018376608812082286
1,1,0.0026188004972218537,0.9927959550408006,0.004585244461977584
1,1,0.34877909114296696,0.5828907013437725,0.06833020751326054
1,1,0.015996443463988475,0.8707024917921317,0.11330106474387985
1,1,0.326209406472381,0.6260018825776014,0.04778871095001757
1,1,0.07081809768153009,0.6270593712514224,0.30212253106704756
1,1,0.0020539771509187326,0.9947242971210355,0.0032217257280456606
1,1,0.009083790372831524,0.9845431421884759,0.006373067438692577
1,1,0.016193080108907697,0.958261016254837,0.025545903636255432
1,1,0.0003087896136133593,0.9921137391104443,0.0075774712759423
0,0,0.9033070335375475,0.0505850940096843,0.04610787245276825
2,2,0.007790799464309845,0.0644893914263101,0.92771980910938
0,0,0.5903324425996438,0.3496306382969649,0.06003691910339123
0,0,0.9796857978596171,0.0015519135712916974,0.01876228856909106
0,0,0.70496179768726,0.26079244209817776,0.034245760214562326
0,2,0.04459962412489468,0.07104134583101485,0.8843590300440906
1,1,0.004356638930975443,0.9403436002337064,0.055299760835318186
1,1,0.07355010055052437,0.8942893428267644,0.032160556622711306
0,0,0.9890690043583025,0.004816264355458017,0.006114731286239349
1,1,0.10696118583668543,0.8425561372829931,0.05048267688032147
1,1,0.0005682592215231915,0.9984456172085171,0.0009861235699597105
1,0,0.8284352584497016,0.1375528556603807,0.03401188588991766
0,2,0.20201309264482115,0.007511267695188506,0.7904756396599903
1,1,0.07285242752127458,0.9121827463281799,0.014964826150545476
0,0,0.9859356204485277,0.002030102598896259,0.012034276952576068
1,1,0.013775900350370648,0.9748497812900105,0.011374318359618893
1,1,0.0007216359061591072,0.9397936072915103,0.05948475680233056
0,0,0.5398425679509938,0.3686346862513835,0.09152274579762268
2,2,0.0010323133011462904,0.0011109223338952726,0.9978567643649584
1,1,0.2621531851983561,0.6980224546071357,0.03982436019450813
0,0,0.6287484071866168,0.2860598000221802,0.08519179279120295
1,1,0.006231114334889337,0.9813570971658762,0.012411788499234511
1,1,0.002415721020592912,0.9949050722074338,0.002679206771973285
2,2,0.006443169437041113,0.049582053538726883,0.9439747770242319
1,1,0.021834636196086457,0.9550577502977196,0.023107613506194148
1,1,0.00923992590047075,0.8585797922459534,0.1321802818535758
1,0,0.5660279183723437,0.28573172534656627,0.14824035628109014
2,2,0.02531092826206562,0.00112779784299602,0.9735612738949384
1,1,0.00162178383989365,0.9278363241552314,0.07054189200487483
1,1,0.0015812024873646724,0.9946395400581377,0.0037792574544976087
1,0,0.3930879387228393,0.33614652637089326,0.27076553490626754
1,1,0.08955530054870385,0.6409771451071896,0.2694675543441065
0,2,0.24186716764936614,0.0035170195870955824,0.7546158127635383
1,1,0.02339153834534561,0.7793587163925109,0.19724974526214353
0,2,0.09803950191224424,0.020490864551964267,0.8814696335357916
2,2,0.005349642686022289,0.008719338647862814,0.9859310186661149
0,0,0.9570644109789761,0.006178379335239918,0.03675720968578395
1,1,0.005680799675562048,0.9722688862564705,0.022050314067967598
1,1,0.002000289640290957,0.9842323586359362,0.013767351723772829
1,0,0.610657624281181,0.34914158191590094,0.04020079380291792
1,1,0.160872005212307,0.755283878112012,0.08384411667568091
1,1,0.021759676575748274,0.835621740566988,0.14261858285726375
0,2,0.05895026226792816,0.22410685580549336,0.7169428819265784
1,1,0.13204492285427688,0.8099902577377296,0.057964819407993515
0,0,0.9305507549918193,0.005973210731938589,0.06347603427624234
1,1,0.001663756937165751,0.9626272004597454,0.035709042603088735
1,2,0.0010247409111646408,0.1418031787702155,0.8571720803186199
1,1,0.19837664019190118,0.7698254424809508,0.03179791732714806
1,1,0.0006368167990394467,0.9958236458894613,0.003539537311499259
1,1,0.4195009943596492,0.475027332263563,0.10547167337678794
1,0,0.49180870385688663,0.45322119469204813,0.05497010145106524
1,1,0.02981463197957757,0.9130131347727087,0.057172233247713665
1,1,0.0003881158144558056,0.9939550055215791,0.005656878663965197
2,2,0.006139773194777132,0.027404959314207736,0.9664552674910153
1,1,0.010525126664864349,0.9852294115779718,0.004245461757163751
2,2,0.00026662526867277797,0.04055968045167381,0.9591736942796534
2,2,0.19084120839974525,0.01891699286319924,0.7902417987370555
1,1,0.19278402948552414,0.7817994834813287,0.025416487033147205
0,0,0.9098245574697079,0.007235637427239298,0.08293980510305284
1,1,0.0028121575148324245,0.98745540383806,0.009732438647107447
0,0,0.5904622639789158,0.28078023334845914,0.12875750267262506
1,1,0.024306388301628082,0.9670681992168373,0.008625412481534632
1,0,0.49966435920897256,0.43713763229320785,0.06319800849781969
1,1,0.004627034890890414,0.9859442023546693,0.009428762754440446
1,1,0.0765301040107986,0.7044087351148403,0.2190611608743612
0,0,0.9842130890805636,0.0017590255585459272,0.014027885360890408
1,2,0.09106820160543137,0.27301804391309675,0.6359137544814719
2,2,0.00960194285544948,0.004857508276533134,0.9855405488680173
1,1,0.06679074621777585,0.47873090515125827,0.45447834863096576
1,1,0.0013647634289343854,0.9968750337366705,0.0017602028343951083
0,0,0.6996825081325265,0.14677103532390418,0.15354645654356935
1,1,0.008317531452745287,0.9778553091681248,0.013827159379129952
0,0,0.6980960903383852,0.2733377317208056,0.028566177940809213
2,2,0.05381303551426595,0.009594723862545325,0.9365922406231887
0,0,0.8472167286402752,0.09903159600561498,0.053751675354109754
0,0,0.8488140135979325,0.07781392671823957,0.07337205968382797
0,0,0.9716447918327855,0.0028652649074995384,0.02548994325971479
1,1,0.40038155773050915,0.5554026867432791,0.04421575552621164
1,1,0.0006995183629789599,0.994588557729475,0.004711923907545851
1,1,0.11723073071910121,0.8340237283899868,0.048745540890911786
2,2,0.004110203269235344,0.004373612296664103,0.9915161844341005
1,1,0.030540626741153435,0.9533769857370081,0.016082387521838548
1,1,0.01119513469759932,0.6236284496725735,0.3651764156298273
0,0,0.4602273593472992,0.42482376636471486,0.11494887428798588
2,2,0.010964348317856044,0.07742992211871695,0.911605729563427
1,1,0.06630872704786672,0.9150110340025384,0.018680238949594984
2,2,0.0012364613487140582,0.03085139013169781,0.9679121485195882
1,1,0.27233784863475696,0.40855865464814295,0.31910349671710003
2,2,0.013864703371310206,0.07542686992440002,0.9107084267042899
1,2,0.004314677184970988,0.2116198634703092,0.7840654593447197
1,1,0.0003767242536892454,0.8827957934641709,0.1168274822821399
1,0,0.5364924116995571,0.42840263571672765,0.035104952583715245
0,0,0.8871846350164678,0.07432003966427153,0.038495325319260816
1,1,0.028900828351459983,0.9200012257681615,0.051097945880378554
2,2,0.007062239332871076,0.0009440620565497644,0.9919936986105792
0,0,0.6368131446368863,0.18934138390137864,0.17384547146173496
1,1,0.3886912608066048,0.5349506382124962,0.07635810098089897
2,2,0.004795731187788772,0.09081400129420188,0.9043902675180093
2,2,0.009218255434220219,0.007877165245469709,0.9829045793203101
1,1,0.10138792460001315,0.8356698660439823,0.06294220935600453
0,1,0.01410088680182853,0.9187548879091978,0.06714422528897368
1,1,0.0007853328996690491,0.98479869790951,0.014415969190820933
1,1,0.00854469816911958,0.9847007530866779,0.006754548744202672
1,1,0.020052885115339633,0.9165173099694283,0.06342980491523208
1,0,0.540441138072089,0.2812009390570676,0.17835792287084332
1,1,0.00021018590570117283,0.9371020640225617,0.06268775007173728
2,2,0.0005244304902240126,0.028278832231336,0.9711967372784401
2,2,0.0013366216988919045,0.019990325090461277,0.9786730532106467
2,2,0.0027298021906916074,0.0009331059620914233,0.996337091847217
1,1,0.0010894116568928615,0.9965619908738059,0.002348597469301225
1,0,0.8105284611900239,0.08172601982275424,0.1077455189872219
1,1,0.010730043230037274,0.9785407611848581,0.010729195585104703
2,0,0.7445377401559273,0.09558295105311543,0.1598793087909573
0,0,0.5572703210072933,0.33983141602153627,0.10289826297117036
1,1,0.2981311323358271,0.6785840629893904,0.023284804674782528
1,1,0.01603996084008778,0.8334179534587747,0.1505420857011375
2,1,0.06850979844198499,0.8228294033848088,0.10866079817320616
1,1,0.006062056331321503,0.8036434688144222,0.1902944748542563
2,0,0.669847238607446,0.06725434374294026,0.2628984176496138
0,1,0.2969061973353704,0.6145001679682095,0.08859363469642016
1,1,0.0069141901037847045,0.9883467748949171,0.004739035001298144
1,0,0.4811989998027165,0.4515235318801718,0.06727746831711169
2,2,0.0485920146179856,0.009044082278506893,0.9423639031035076
1,1,0.36345366367592025,0.5552365031494909,0.08130983317458883
0,0,0.9868025580462072,0.00805625955261233,0.0051411824011806
1,1,0.003257122037855816,0.9677582535660758,0.028984624396068255
1,1,0.05019174580177024,0.9116662498053977,0.03814200439283203
1,1,0.00014534708077787304,0.9982223681235413,0.0016322847956809978
1,1,0.005505360468906329,0.9919166627007355,0.002577976830358062
2,2,0.012253848898144034,0.0034403554063464122,0.9843057956955095
1,1,0.10359060938475112,0.7790656468933765,0.11734374372187241
1,1,0.0024902041493432034,0.9943410856681141,0.003168710182542816
1,0,0.8577455761976697,0.12137648628160966,0.020877937520720685
2,2,2.4935633077784715e-05,0.0028690511346057264,0.9971060132323165
1,1,0.001520424482829948,0.9949994378718131,0.0034801376453569
0,2,0.19724032759060123,0.0015340373364412998,0.8012256350729574
0,0,0.6265313467680863,0.18119751690404298,0.19227113632787063
2,1,0.18150474707006434,0.5439650690021315,0.2745301839278041
1,1,0.007043738424554855,0.6824262517384356,0.31053000983700957
0,0,0.9805437985830159,0.004461763160600637,0.01499443825638353
0,0,0.9235338244631965,0.007244109811957432,0.06922206572484609
1,1,0.32018884858763613,0.6594922412428519,0.02031891016951206
2,2,0.04187694220329923,0.004336041243806471,0.9537870165528943
0,0,0.8979906994154033,0.06247901087222532,0.03953028971237118
2,2,0.0014542312384635593,0.2067152380175193,0.7918305307440172
2,2,0.39313212837448736,0.042030567034453306,0.5648373045910593
2,2,0.0016713612092713913,0.01037821278161639,0.9879504260091122
1,1,0.2045452624397542,0.7463311358166945,0.04912360174355136
2,2,0.024401945807691096,0.006042190281037251,0.9695558639112718
1,1,0.0034717619928206983,0.9839585710605273,0.012569666946652137
0,0,0.7225184362502007,0.15448266754921372,0.12299889620058549
1,1,0.043719711066963866,0.9400557650761756,0.016224523856860427
2,2,0.016467528885133576,0.009713036739590595,0.9738194343752757
1,1,6.0369423040506675e-05,0.9936888107681998,0.006250819808759779
1,1,0.0755211384196318,0.7719304235129801,0.15254843806738808
1,1,0.13933792707891088,0.7934371534789998,0.06722491944208936
0,2,0.023094300566069138,0.013112343314388797,0.9637933561195421
0,0,0.946371102542557,0.016087897920970526,0.03754099953647258
0,0,0.7080309026478797,0.05130783793748165,0.2406612594146385
1,1,0.13873199701746128,0.8465642116716141,0.014703791310924504
1,1,0.000501877332832572,0.9967743038514568,0.002723818815710696
1,1,0.3181907196386937,0.6021897451943258,0.07961953516698032
2,2,0.0020834356420707484,0.06301145666417396,0.9349051076937553
1,1,0.0023104413081435037,0.5807144055096427,0.4169751531822138
1,1,0.006743182006038266,0.8064467829419937,0.18681003505196822
2,2,0.01207622400321112,0.006696986053056524,0.9812267899437324
1,0,0.5319436993540358,0.42777128875701353,0.04028501188895062
1,1,0.28910314909535345,0.6606676540584628,0.050229196846183606
1,1,0.03850966269052252,0.9449109036969948,0.01657943361248268
1,1,0.03989082801584872,0.8906205680202602,0.06948860396389095
2,2,0.005645844344564038,0.00030546047296432387,0.9940486951824717
1,2,0.000752362591433032,0.4758104975521775,0.5234371398563894
1,1,0.0038652825751573495,0.9802348775291487,0.015899839895693917
1,1,0.012086579045442926,0.9541813597032296,0.03373206125132731
0,0,0.9732823591291823,0.0020795541882367534,0.024638086682580933
2,2,0.0034084108343387545,0.003533097995183758,0.9930584911704775
2,2,0.002033471252238721,0.24177207243324952,0.7561944563145118
0,1,0.11018505295858703,0.8139491880255972,0.07586575901581576
1,1,0.03465111212271312,0.892645823657661,0.0727030642196258
1,2,0.014908042609783567,0.3069968344901336,0.6780951229000828
2,2,0.00566599664147138,0.006756243559870719,0.9875777597986578
1,1,0.01322419057493404,0.9721503308792446,0.014625478545821313
1,1,0.09295506277823222,0.8488741567163558,0.05817078050541187
2,2,0.00016740328171050266,0.007532108172871455,0.9923004885454181
1,1,0.0019005041392855034,0.9951808783485216,0.002918617512192756
2,2,0.00916660195262551,0.0014757400035541248,0.9893576580438204
2,2,3.378907882650467e-05,0.0004221235513620384,0.9995440873698114
1,1,0.01252760970092199,0.7265823160529147,0.2608900742461634
0,0,0.8899121317366314,0.08061800301551691,0.029469865247851612
1,1,0.0017513035326160446,0.9599699964731409,0.03827869999424321
1,1,0.35994990599471843,0.5160563336663163,0.12399376033896518
1,1,0.11607512112714378,0.8613992560864788,0.022525622786377243
2,2,0.00019084995963096555,0.005176466017029731,0.9946326840233394
1,1,0.05949691477082904,0.9259168339868666,0.014586251242304362
0,1,0.37195137473445533,0.6051906342208292,0.02285799104471555
2,2,0.0030592781181528134,0.06948278886861024,0.927457933013237
0,1,0.3497502815376291,0.57545945829219,0.074790260170181
1,1,0.01976595670761222,0.640762485729376,0.33947155756301184
1,1,0.0030063076742271855,0.9952704248801564,0.0017232674456165416
1,1,0.004504127723143191,0.9437193184061242,0.05177655387073252
1,1,0.0023595509123488694,0.9837433796656853,0.013897069421965814
2,1,0.014447031055387251,0.6937333992237452,0.2918195697208675
2,2,0.05385756527805673,0.17459970049505888,0.7715427342268844
2,2,0.008984439702735256,0.023585246981228526,0.9674303133160363
1,1,0.08206441263633714,0.8882094484920725,0.02972613887159026
1,1,0.11075030892779583,0.8105724920688173,0.07867719900338695
1,1,0.03115697879657947,0.9291049006694913,0.03973812053392926
1,1,0.011781048025748397,0.9749620747152098,0.013256877259041773
1,1,0.06821328142331193,0.8264195473047257,0.10536717127196242
0,2,0.02022672412350724,0.01430151186013519,0.9654717640163576
2,2,0.003344690777677883,0.002085357938758559,0.9945699512835635
1,1,0.019780166436040823,0.6239592681142453,0.3562605654497139
2,2,0.0026955294445122993,0.0014985972767871181,0.9958058732787006
0,0,0.9860042210986204,0.001972975561232442,0.012022803340147223
1,1,0.09556673975251566,0.5575521462240471,0.34688111402343724
0,0,0.8591733506861475,0.10522363106024579,0.0356030182536067
2,2,0.25292767954260414,0.12593291540438814,0.6211394050530078
0,0,0.5759947129822295,0.09754657801158856,0.32645870900618207
2,1,0.32461448736496534,0.4405370670725293,0.23484844556250525
1,1,0.012840082132620539,0.9818547809548139,0.0053051369125655225
1,1,0.0007166735157175062,0.9444351326981183,0.054848193786163985
1,2,0.024602977914025038,0.3818897631687092,0.5935072589172657
2,0,0.8402514776833706,0.07977987725898061,0.07996864505764874
1,1,0.04259744454943884,0.9436165093691239,0.013786046081437438
2,2,0.08729253038217571,0.0063940091310007155,0.9063134604868235
1,1,0.0013567989894697804,0.5987684105642955,0.39987479044623464
1,1,0.032807384155868,0.9144773806452001,0.05271523519893193
1,1,0.3592518834623689,0.5983164463106176,0.04243167022701353
